
co 10,40,50   1,0,0 10 10 170,170,170
cy -10,40,50   1,0,0 5 20 170,170,170

co -10,-40,50   -1,0,0 10 10 170,170,170
cy 10,-40,50   -1,0,0 5 20 170,170,170

co -40,10,50   0,1,0 10 10 170,170,170
cy -40,-10,50    0,1,0 5 20 170,170,170

co 40,-10,50   0,-1,0 10 10 170,170,170
cy 40,10,50    0,-1,0 5 20 170,170,170

-cy 0,0,400 0,0,-1 500 400 255,0,0
-sp 0,0,400 500 255,0,0
co 0,0,400 0,0,-1 500 50 255,0,0

-co 0,0,-90 1,1,-1 50 50 255,0,0
-co 0,0,-90 0,0,-1 50 50 255,0,0

A 0.3 255,255,255
C 0,0,-200 0,0,1 70
L 0,0,-200 0.9 255,255,255
